#!/bin/bash
#START config_header.bash

#initialise environment
if [ ! -x ${MAS_VAR:=/usr/mce/bin/mas_var} ]; then
  echo "Cannot find mas_var.  Set MAS_VAR to the full path to the mas_var binary." >&2
  exit 1
else
  eval $(${MAS_VAR} -s)
fi

source ${MAS_SCRIPT}/mas_library.bash

#END config_header.bash
# START mas_param output
array_id="Pink"
array_width=41
hardware_rc=( 1 1 0 0 )
hardware_sync=0
hardware_rect=1
hardware_mux11d=0
hardware_fast_sq2=2
hardware_rc_data=( 1 1 0 0 )
sb0_select_clk=0
sb0_use_dv=0
sb0_use_sync=0
sb1_select_clk=1
sb1_use_dv=2
sb1_use_sync=2
default_num_rows=33
default_sample_num=10
default_data_mode=10
default_flux_jumping=1
default_servo_p=( 0 0 0 0 0 0 0 0 0 0 0 0 0 0 0 0 0 0 0 0 0 0 0 0 0 0 0 0 0 0 0 0 )
default_servo_i=( -20 -20 -20 -20 -20 -20 -20 -20 -20 -20 -20 -20 -20 -20 -20 -20 -20 -20 -20 -20 -20 -20 -20 -20 -20 -20 -20 -20 -20 -20 -20 -20 )
default_servo_d=( 0 0 0 0 0 0 0 0 0 0 0 0 0 0 0 0 0 0 0 0 0 0 0 0 0 0 0 0 0 0 0 0 )
default_sa_bias=( 7760 0 7460 7400 7400 7400 7550 7450 0 0 7150 7100 7100 7150 7250 7150 0 0 0 0 0 0 0 0 0 0 0 0 0 0 0 0 )
default_sq2_bias=( 13000 0 21000 14000 15000 0 21000 12000 0 0 0 0 0 0 0 0 0 0 0 0 0 0 0 0 0 0 0 0 0 0 0 0 )
default_sq1_bias=( 3000 3000 3000 3000 3000 3000 3000 3000 3000 3000 3000 3000 3000 3000 3000 3000 3000 3000 3000 3000 3000 3000 3000 3000 3000 3000 3000 3000 3000 3000 3000 3000 3000 )
default_sq1_bias_off=( 0 0 0 0 0 0 0 0 0 0 0 0 0 0 0 0 0 0 0 0 0 0 0 0 0 0 0 0 0 0 0 0 0 0 0 0 0 0 0 0 0 )
default_row_select=( 10000 10000 10000 10000 10000 10000 10000 10000 10000 10000 10000 10000 10000 10000 10000 10000 10000 10000 10000 10000 10000 10000 0 0 0 0 0 0 0 0 0 0 0 0 0 0 0 0 0 0 0 )
default_row_deselect=( 0 0 0 0 0 0 0 0 0 0 0 0 0 0 0 0 0 0 0 0 0 0 0 0 0 0 0 0 0 0 0 0 0 0 0 0 0 0 0 0 0 )
columns_off=( 0 1 0 0 0 0 0 0 1 1 0 0 0 0 0 0 1 1 1 1 1 1 1 1 1 1 1 1 1 1 1 1 )
config_filter=0
filter_params=( 32092 15750 31238 14895 0 11 )
stop_after_sq1_servo=0
sa_offset_bias_ratio=0.750000
sa_ramp_bias=0
sa_ramp_flux_start=0
sa_ramp_flux_count=120
sa_ramp_flux_step=100
sa_ramp_bias_start=5000
sa_ramp_bias_step=250
sa_ramp_bias_count=25
sq2_rows=( 0 0 0 0 0 0 0 0 0 0 0 0 0 0 0 0 0 0 0 0 0 0 0 0 0 0 0 0 0 0 0 0 )
sq2_servo_gain=( 0.020000 0.020000 0.020000 0.020000 0.020000 0.020000 0.020000 0.020000 0.020000 0.020000 0.020000 0.020000 0.020000 0.020000 0.020000 0.020000 0.020000 0.020000 0.020000 0.020000 0.020000 0.020000 0.020000 0.020000 0.020000 0.020000 0.020000 0.020000 0.020000 0.020000 0.020000 0.020000 )
sq1_servo_gain=( 0.020000 0.020000 0.020000 0.020000 0.020000 0.020000 0.020000 0.020000 0.020000 0.020000 0.020000 0.020000 0.020000 0.020000 0.020000 0.020000 0.020000 0.020000 0.020000 0.020000 0.020000 0.020000 0.020000 0.020000 0.020000 0.020000 0.020000 0.020000 0.020000 0.020000 0.020000 0.020000 )
sq2_servo_flux_start=0
sq2_servo_flux_count=1600
sq2_servo_flux_step=10
sq1_servo_flux_start=-8000
sq1_servo_flux_count=320
sq1_servo_flux_step=50
sq2_servo_bias_ramp=0
sq2_servo_bias_start=12000
sq2_servo_bias_count=80
sq2_servo_bias_step=1000
sq1_servo_bias_ramp=0
sq1_servo_bias_start=0
sq1_servo_bias_count=20
sq1_servo_bias_step=1000
sq1_servo_all_rows=0
config_mux11d_all_rows=1
mux11d_row_choice=( 0 0 0 0 0 0 0 0 0 0 0 0 0 0 0 0 0 0 0 0 0 0 0 0 0 0 0 0 0 0 0 0 )
optimize_rowsel_servo=0
rowsel_servo_flux_start=0
rowsel_servo_flux_count=100
rowsel_servo_flux_step=200
rowsel_servo_bias_ramp=0
rowsel_servo_bias_start=0
rowsel_servo_bias_count=10
rowsel_servo_bias_step=1000
rowsel_servo_gain=( 0.030000 0.030000 0.030000 0.030000 0.030000 0.030000 0.030000 0.030000 0.030000 0.030000 0.030000 0.030000 0.030000 0.030000 0.030000 0.030000 0.030000 0.030000 0.030000 0.030000 0.030000 0.030000 0.030000 0.030000 0.030000 0.030000 0.030000 0.030000 0.030000 0.030000 0.030000 0.030000 )
sq1_ramp_check=1
sq1_ramp_flux_start=-3000
sq1_ramp_flux_step=50
sq1_ramp_flux_count=121
locktest_pass_amplitude=5000
sq1_ramp_tes_bias=0
sq1_ramp_tes_bias_start=0
sq1_ramp_tes_bias_step=1
sq1_ramp_tes_bias_count=500
tes_bias_idle=( 0 0 0 )
tes_bias_normal=( 0 0 0 )
tes_bias_normal_time=0.100000
tes_bias_do_reconfig=0
reconfig_use_auto_iv=0
clear_config_on_warm=0
tuning_check_bias=0
tuning_therm_time=210
tuning_do_plots=1
tuning_plot_format="png"
sq2servo_safb_init=( 0 0 0 0 0 0 0 0 0 0 0 0 0 0 0 0 0 0 0 0 0 0 0 0 0 0 0 0 0 0 0 0 )
sq1servo_sq2fb_init=( 0 0 0 0 0 0 0 0 0 0 0 0 0 0 0 0 0 0 0 0 0 0 0 0 0 0 0 0 0 0 0 0 )
sa_ramp_safb_adjust=( 0 0 0 0 0 0 0 0 0 0 0 0 0 0 0 0 0 0 0 0 0 0 0 0 0 0 0 0 0 0 0 0 )
sq2_servo_sq2fb_adjust=( 0 0 0 0 0 0 0 0 0 0 0 0 0 0 0 0 0 0 0 0 0 0 0 0 0 0 0 0 0 0 0 0 )
sq2_servo_ic_factor=1.000000
sq1_servo_ic_factor=1.000000
sq2servo_gain=( 0.020000 0.020000 0.020000 0.020000 )
sq1servo_gain=( 0.020000 0.020000 0.020000 0.020000 )
write_default_bias=0
ramp_tes_start=0
ramp_tes_step=0
ramp_tes_count=0
ramp_tes_final_bias=0
ramp_tes_initial_pause=0
ramp_tes_period_us=0
iv_data_mode=10
bias_line_card=( 7 8 9 )
bias_line_para=( 33 33 33 )
config_rc=( 1 1 0 0 )
config_sync=0
config_fast_sq2=1
config_fast_sq1_bias=1
config_fast_sa_fb=1
default_config_fast_sq1_bias=1
default_config_fast_sa_fb=1
config_dead_tes=0
config_frail_tes=0
data_rate=60
row_len=120
num_rows=33
num_rows_reported=33
readout_row_index=0
sample_dly=110
sample_num=10
fb_dly=7
row_dly=4
data_mode=10
flux_jumping=1
servo_mode=3
servo_p=( 0 0 0 0 0 0 0 0 0 0 0 0 0 0 0 0 0 0 0 0 0 0 0 0 0 0 0 0 0 0 0 0 )
servo_i=( -20 -20 -20 -20 -20 -20 -20 -20 -20 -20 -20 -20 -20 -20 -20 -20 -20 -20 -20 -20 -20 -20 -20 -20 -20 -20 -20 -20 -20 -20 -20 -20 )
servo_d=( 0 0 0 0 0 0 0 0 0 0 0 0 0 0 0 0 0 0 0 0 0 0 0 0 0 0 0 0 0 0 0 0 )
frail_servo_p=0
frail_servo_i=-10
frail_servo_d=0
dead_mask_list=( "squid1" "multilock" "jumper" "connection" "tes_short" "other" )
dead_detectors=( 0 0 0 0 0 0 0 0 0 0 0 0 0 0 0 0 0 0 0 0 0 0 0 0 0 0 0 0 0 0 0 0 0 0 0 0 0 0 0 0 0 0 0 0 0 0 0 0 0 0 0 0 0 0 0 0 0 0 0 0 0 0 0 0 0 0 0 0 0 0 0 0 0 0 0 0 0 0 0 0 0 0 0 0 0 0 0 0 0 0 0 0 0 0 0 0 0 0 0 0 0 0 0 0 0 0 0 0 0 0 0 0 0 0 0 0 0 0 0 0 0 0 0 0 0 0 0 0 0 0 0 0 0 0 0 0 0 0 0 0 0 0 0 0 0 0 0 0 0 0 0 0 0 0 0 0 0 0 0 0 0 0 0 0 0 0 0 0 0 0 0 0 0 0 0 0 0 0 0 0 0 0 0 0 0 0 0 0 0 0 0 0 0 0 0 0 0 0 0 0 0 0 0 0 0 0 0 0 0 0 0 0 0 0 0 0 0 0 0 0 0 0 0 0 0 0 0 0 0 0 0 0 0 0 0 0 0 0 0 0 0 0 0 0 0 0 0 0 0 0 0 0 0 0 0 0 0 0 0 0 0 0 0 0 0 0 0 0 0 0 0 0 0 0 0 0 0 0 0 0 0 0 0 0 0 0 0 0 0 0 0 0 0 0 0 0 0 0 0 0 0 0 0 0 0 0 0 0 0 0 0 0 0 0 0 0 0 0 0 0 0 0 0 0 0 0 0 0 0 0 0 0 0 0 0 0 0 0 0 0 0 0 0 0 0 0 0 0 0 0 0 0 0 0 0 0 0 0 0 0 0 0 0 0 0 0 0 0 0 0 0 0 0 0 0 0 0 0 0 0 0 0 0 0 0 0 0 0 0 0 0 0 0 0 0 0 0 0 0 0 0 0 0 0 0 0 0 0 0 0 0 0 0 0 0 0 0 0 0 0 0 0 0 0 0 0 0 0 0 0 0 0 0 0 0 0 0 0 0 0 0 0 0 0 0 0 0 0 0 0 0 0 0 0 0 0 0 0 0 0 0 0 0 0 0 0 0 0 0 0 0 0 0 0 0 0 0 0 0 0 0 0 0 0 0 0 0 0 0 0 0 0 0 0 0 0 0 0 0 0 0 0 0 0 0 0 0 0 0 0 0 0 0 0 0 0 0 0 0 0 0 0 0 0 0 0 0 0 0 0 0 0 0 0 0 0 0 0 0 0 0 0 0 0 0 0 0 0 0 0 0 0 0 0 0 0 0 0 0 0 0 0 0 0 0 0 0 0 0 0 0 0 0 0 0 0 0 0 0 0 0 0 0 0 0 0 0 0 0 0 0 0 0 0 0 0 0 0 0 0 0 0 0 0 0 0 0 0 0 0 0 0 0 0 0 0 0 0 0 0 0 0 0 0 0 0 0 0 0 0 0 0 0 0 0 0 0 0 0 0 0 0 0 0 0 0 0 0 0 0 0 0 0 0 0 0 0 0 0 0 0 0 0 0 0 0 0 0 0 0 0 0 0 0 0 0 0 0 0 0 0 0 0 0 0 0 0 0 0 0 0 0 0 0 0 0 0 0 0 0 0 0 0 0 0 0 0 0 0 0 0 0 0 0 0 0 0 0 0 0 0 0 0 0 0 0 0 0 0 0 0 0 0 0 0 0 0 0 0 0 0 0 0 0 0 0 0 0 0 0 0 0 0 0 0 0 0 0 0 0 0 0 0 0 0 0 0 0 0 0 0 0 0 0 0 0 0 0 0 0 0 0 0 0 0 0 0 0 0 0 0 0 0 0 0 0 0 0 0 0 0 0 0 0 0 0 0 0 0 0 0 0 0 0 0 0 0 0 0 0 0 0 0 0 0 0 0 0 0 0 0 0 0 0 0 0 0 0 0 0 0 0 0 0 0 0 0 0 0 0 0 0 0 0 0 0 0 0 0 0 0 0 0 0 0 0 0 0 0 0 0 0 0 0 0 0 0 0 0 0 0 0 0 0 0 0 0 0 0 0 0 0 0 0 0 0 0 0 0 0 0 0 0 0 0 0 0 0 0 0 0 0 0 0 0 0 0 0 0 0 0 0 0 0 0 0 0 0 0 0 0 0 0 0 0 0 0 0 0 0 0 0 0 0 0 0 0 0 0 0 0 0 0 0 0 0 0 0 0 0 0 0 0 0 0 0 0 0 0 0 0 0 0 0 0 0 0 0 0 0 0 0 0 0 0 0 0 0 0 0 0 0 0 0 0 0 0 0 0 0 0 0 0 0 0 0 0 0 0 0 0 0 0 0 0 0 0 0 0 0 0 0 0 0 0 0 0 0 0 0 0 0 0 0 0 0 0 0 0 0 0 0 0 0 0 0 0 0 0 0 0 0 0 0 0 0 0 0 0 0 0 0 0 0 0 0 0 0 0 0 0 0 0 0 0 0 0 0 0 0 0 0 0 0 0 0 0 0 0 0 0 0 0 0 0 0 0 0 0 0 0 0 0 0 0 0 0 0 0 0 0 0 0 0 0 0 0 0 0 0 0 0 0 0 0 0 0 0 0 0 0 0 0 0 0 0 0 0 0 0 0 0 0 0 0 0 0 0 0 0 0 0 0 0 0 0 0 0 0 0 0 0 0 0 0 0 0 0 0 0 0 0 0 0 0 0 0 0 0 0 0 0 0 0 0 0 0 0 0 0 0 0 0 0 0 0 0 0 0 0 0 0 0 0 0 0 0 0 0 0 0 0 0 0 0 0 0 0 0 0 0 0 0 0 0 0 0 0 0 0 0 0 0 0 0 0 0 0 0 0 0 0 0 0 0 0 0 0 0 0 0 0 0 0 0 0 0 0 0 0 0 0 0 0 0 0 0 0 0 0 0 0 0 0 0 0 0 0 0 0 0 0 0 0 0 0 0 0 0 0 0 0 0 0 0 0 0 0 0 0 0 0 0 0 0 0 0 0 0 0 0 0 )
frail_mask_list=( "squid1" "multilock" "jumper" "connection" "tes_short" "other" )
frail_detectors=( 0 0 0 0 0 0 0 0 0 0 0 0 0 0 0 0 0 0 0 0 0 0 0 0 0 0 0 0 0 0 0 0 0 0 0 0 0 0 0 0 0 0 0 0 0 0 0 0 0 0 0 0 0 0 0 0 0 0 0 0 0 0 0 0 0 0 0 0 0 0 0 0 0 0 0 0 0 0 0 0 0 0 0 0 0 0 0 0 0 0 0 0 0 0 0 0 0 0 0 0 0 0 0 0 0 0 0 0 0 0 0 0 0 0 0 0 0 0 0 0 0 0 0 0 0 0 0 0 0 0 0 0 0 0 0 0 0 0 0 0 0 0 0 0 0 0 0 0 0 0 0 0 0 0 0 0 0 0 0 0 0 0 0 0 0 0 0 0 0 0 0 0 0 0 0 0 0 0 0 0 0 0 0 0 0 0 0 0 0 0 0 0 0 0 0 0 0 0 0 0 0 0 0 0 0 0 0 0 0 0 0 0 0 0 0 0 0 0 0 0 0 0 0 0 0 0 0 0 0 0 0 0 0 0 0 0 0 0 0 0 0 0 0 0 0 0 0 0 0 0 0 0 0 0 0 0 0 0 0 0 0 0 0 0 0 0 0 0 0 0 0 0 0 0 0 0 0 0 0 0 0 0 0 0 0 0 0 0 0 0 0 0 0 0 0 0 0 0 0 0 0 0 0 0 0 0 0 0 0 0 0 0 0 0 0 0 0 0 0 0 0 0 0 0 0 0 0 0 0 0 0 0 0 0 0 0 0 0 0 0 0 0 0 0 0 0 0 0 0 0 0 0 0 0 0 0 0 0 0 0 0 0 0 0 0 0 0 0 0 0 0 0 0 0 0 0 0 0 0 0 0 0 0 0 0 0 0 0 0 0 0 0 0 0 0 0 0 0 0 0 0 0 0 0 0 0 0 0 0 0 0 0 0 0 0 0 0 0 0 0 0 0 0 0 0 0 0 0 0 0 0 0 0 0 0 0 0 0 0 0 0 0 0 0 0 0 0 0 0 0 0 0 0 0 0 0 0 0 0 0 0 0 0 0 0 0 0 0 0 0 0 0 0 0 0 0 0 0 0 0 0 0 0 0 0 0 0 0 0 0 0 0 0 0 0 0 0 0 0 0 0 0 0 0 0 0 0 0 0 0 0 0 0 0 0 0 0 0 0 0 0 0 0 0 0 0 0 0 0 0 0 0 0 0 0 0 0 0 0 0 0 0 0 0 0 0 0 0 0 0 0 0 0 0 0 0 0 0 0 0 0 0 0 0 0 0 0 0 0 0 0 0 0 0 0 0 0 0 0 0 0 0 0 0 0 0 0 0 0 0 0 0 0 0 0 0 0 0 0 0 0 0 0 0 0 0 0 0 0 0 0 0 0 0 0 0 0 0 0 0 0 0 0 0 0 0 0 0 0 0 0 0 0 0 0 0 0 0 0 0 0 0 0 0 0 0 0 0 0 0 0 0 0 0 0 0 0 0 0 0 0 0 0 0 0 0 0 0 0 0 0 0 0 0 0 0 0 0 0 0 0 0 0 0 0 0 0 0 0 0 0 0 0 0 0 0 0 0 0 0 0 0 0 0 0 0 0 0 0 0 0 0 0 0 0 0 0 0 0 0 0 0 0 0 0 0 0 0 0 0 0 0 0 0 0 0 0 0 0 0 0 0 0 0 0 0 0 0 0 0 0 0 0 0 0 0 0 0 0 0 0 0 0 0 0 0 0 0 0 0 0 0 0 0 0 0 0 0 0 0 0 0 0 0 0 0 0 0 0 0 0 0 0 0 0 0 0 0 0 0 0 0 0 0 0 0 0 0 0 0 0 0 0 0 0 0 0 0 0 0 0 0 0 0 0 0 0 0 0 0 0 0 0 0 0 0 0 0 0 0 0 0 0 0 0 0 0 0 0 0 0 0 0 0 0 0 0 0 0 0 0 0 0 0 0 0 0 0 0 0 0 0 0 0 0 0 0 0 0 0 0 0 0 0 0 0 0 0 0 0 0 0 0 0 0 0 0 0 0 0 0 0 0 0 0 0 0 0 0 0 0 0 0 0 0 0 0 0 0 0 0 0 0 0 0 0 0 0 0 0 0 0 0 0 0 0 0 0 0 0 0 0 0 0 0 0 0 0 0 0 0 0 0 0 0 0 0 0 0 0 0 0 0 0 0 0 0 0 0 0 0 0 0 0 0 0 0 0 0 0 0 0 0 0 0 0 0 0 0 0 0 0 0 0 0 0 0 0 0 0 0 0 0 0 0 0 0 0 0 0 0 0 0 0 0 0 0 0 0 0 0 0 0 0 0 0 0 0 0 0 0 0 0 0 0 0 0 0 0 0 0 0 0 0 0 0 0 0 0 0 0 0 0 0 0 0 0 0 0 0 0 0 0 0 0 0 0 0 0 0 0 0 0 0 0 0 0 0 0 0 0 0 0 0 0 0 0 0 0 0 0 0 0 0 0 0 0 0 0 0 0 0 0 0 0 0 0 0 0 0 0 0 0 0 0 0 0 0 0 0 0 0 0 0 0 0 0 0 0 0 0 0 0 0 0 0 0 0 0 0 0 0 0 0 0 0 0 0 0 0 0 0 0 0 0 0 0 0 0 0 0 0 0 0 0 0 0 0 0 0 0 0 0 0 0 0 0 0 0 0 0 0 0 0 0 0 0 0 0 0 0 0 0 0 0 0 0 0 0 0 0 0 0 0 0 0 0 0 0 0 0 0 0 0 0 0 0 0 0 0 0 0 0 0 0 0 0 0 0 0 0 0 0 0 0 0 0 0 0 0 0 0 0 0 0 0 0 0 0 0 0 0 0 0 0 0 0 0 0 0 0 0 0 0 0 0 0 0 0 0 0 0 0 0 0 0 0 0 0 0 0 0 0 0 0 0 0 0 0 0 0 0 0 0 0 0 0 0 0 0 0 0 0 0 0 0 0 0 0 0 0 0 )
tes_bias=( 0 0 0 )
config_integral_clamp=0
integral_clamp_factor=0.000000
row_order=( 1 2 3 4 5 6 7 8 9 10 11 12 13 14 15 16 17 18 19 20 21 22 23 24 25 26 27 28 29 30 31 40 32 33 34 35 36 37 38 39 0 )
sa_flux_quanta=( 6590 0 6565 6570 6570 6575 6565 6570 0 0 6515 6520 6520 6520 6520 6515 )
sq2_flux_quanta=( 9280 0 9290 9300 9300 0 9310 9310 0 0 0 0 0 0 0 0 )
config_flux_quanta_all=1
flux_quanta=( 6000 6000 6000 6000 6000 6000 6000 6000 6000 6000 6000 6000 6000 6000 6000 6000 6000 6000 6000 6000 6000 6000 6000 6000 6000 6000 6000 6000 6000 6000 6000 6000 )
flux_quanta_all=( 295 9177 9168 9167 9181 9195 9178 9190 9154 9188 9186 9194 9178 9181 9164 9184 9174 9172 9188 9193 9173 9169 9173 9187 9166 294 9164 296 9188 9164 9157 295 9167 0 0 0 0 0 0 0 0 0 0 0 0 0 0 0 0 0 0 0 0 0 0 0 0 0 0 0 0 0 0 0 0 0 0 0 0 0 0 0 0 0 0 0 0 0 0 0 0 0 5959 9206 732 4420 9200 6306 2683 9209 8200 9208 9201 6365 9197 573 9202 7893 3102 4941 9212 5959 5761 5552 9213 6157 4852 5959 3968 5959 2678 2688 4259 5959 673 0 0 0 0 0 0 0 0 9153 9159 7030 9159 9151 9163 9154 2787 5636 5686 4717 9162 9151 9158 4511 9163 9152 6946 3126 9153 9162 9173 5387 6422 9163 9153 9165 9153 9166 7076 9170 9153 9178 0 0 0 0 0 0 0 0 3968 400 6371 4302 2545 2630 9217 4904 2105 7569 9220 1918 2666 2642 9211 3633 9209 2116 9228 9232 9222 9237 3435 1249 2849 3968 2852 3968 4405 3968 4460 3968 2695 0 0 0 0 0 0 0 0 9226 9226 9226 9226 9226 9226 9226 9226 9226 9226 9226 9226 9226 9226 9226 9226 9226 9226 9226 9227 9226 9226 9226 9226 9226 9226 9142 9226 9226 9226 9226 9226 9226 0 0 0 0 0 0 0 0 8204 7507 1400 4322 9225 1980 9230 9238 9231 9239 7080 9235 9225 7884 9227 7610 8396 9247 8204 9246 3199 7712 6700 1182 9235 8204 9239 8204 9242 946 4328 8204 1364 0 0 0 0 0 0 0 0 8899 9169 6855 9168 7639 3900 1609 1705 3188 9172 3135 2034 9159 1955 9164 9178 9162 7096 1858 9182 5780 917 9173 4693 9173 8269 9175 8269 9175 9187 7444 8269 9182 0 0 0 0 0 0 0 0 1179 1179 1179 1179 1179 1179 1179 1179 1179 1179 1179 1179 1179 1179 296 5886 1179 1179 1179 1179 1179 1179 1179 1179 1179 1179 1179 1179 1179 1179 1179 297 2061 0 0 0 0 0 0 0 0 297 297 297 297 297 297 297 297 297 297 297 297 297 297 296 5300 297 297 297 297 297 297 297 297 297 297 297 297 297 297 297 297 297 0 0 0 0 0 0 0 0 0 0 0 0 0 0 0 0 0 0 0 0 0 0 0 0 0 0 0 0 0 0 0 0 0 0 0 0 0 0 0 0 0 0 0 0 0 0 0 0 0 0 0 0 0 0 0 0 0 0 0 0 0 0 0 0 0 0 0 0 0 0 0 0 0 0 0 0 0 0 0 0 0 0 0 0 0 0 0 0 0 0 0 0 0 0 0 0 0 0 0 0 0 0 0 0 0 0 0 0 0 0 0 0 0 0 0 0 0 0 0 0 0 0 0 0 0 0 0 0 0 0 0 0 0 0 0 0 0 0 0 0 0 0 0 0 0 0 0 0 0 0 0 0 0 0 0 0 0 0 0 0 0 0 0 0 0 0 0 0 0 0 0 0 0 0 0 0 0 0 0 0 0 0 0 0 0 0 0 0 0 0 0 0 0 0 0 0 0 0 0 0 0 0 0 0 0 0 0 0 0 0 0 0 0 0 0 0 0 0 0 0 0 0 0 0 0 0 0 0 0 0 0 0 0 0 0 0 0 0 0 0 0 0 0 0 0 0 0 0 0 0 0 0 0 0 )
fb_const=0
row_select=( 10000 10000 10000 10000 10000 10000 10000 10000 10000 10000 10000 10000 10000 10000 10000 10000 10000 10000 10000 10000 10000 10000 0 0 0 0 0 0 0 0 0 0 0 0 0 0 0 0 0 0 0 )
row_deselect=( 0 0 0 0 0 0 0 0 0 0 0 0 0 0 0 0 0 0 0 0 0 0 0 0 0 0 0 0 0 0 0 0 0 0 0 0 0 0 0 0 0 )
sq1_bias=( 3000 3000 3000 3000 3000 3000 3000 3000 3000 3000 3000 3000 3000 3000 3000 3000 3000 3000 3000 3000 3000 3000 3000 3000 3000 3000 3000 3000 3000 3000 3000 3000 3000 0 0 0 0 0 0 0 0 )
sq1_bias_off=( 0 0 0 0 0 0 0 0 0 0 0 0 0 0 0 0 0 0 0 0 0 0 0 0 0 0 0 0 0 0 0 0 0 0 0 0 0 0 0 0 0 )
sq1_bias_set=( 17500 17500 17500 17500 17500 17500 17500 17500 17500 17500 17500 17500 17500 17500 17500 17500 17500 17500 17500 17500 17500 17500 17500 17500 17500 17500 17500 17500 17500 17500 17500 17500 17500 17500 17500 17500 17500 17500 17500 17500 17500 17500 17500 17500 17500 17500 17500 17500 17500 17500 17500 17500 17500 17500 17500 17500 17500 17500 17500 17500 17500 17500 17500 17500 17500 17500 17500 17500 17500 17500 17500 17500 17500 17500 17500 17500 17500 17500 17500 17500 17500 17500 13000 13000 13000 13000 13000 13000 13000 13000 13000 13000 13000 13000 13000 13000 13000 13000 13000 13000 13000 13000 13000 13000 13000 13000 13000 13000 13000 13000 13000 13000 13000 13000 13000 13000 13000 13000 13000 13000 13000 13000 13000 13000 13000 13000 13000 13000 13000 13000 13000 13000 13000 13000 13000 13000 13000 13000 13000 13000 13000 13000 13000 13000 13000 13000 13000 13000 13000 13000 13000 13000 13000 13000 13000 13000 13000 13000 13000 13000 13000 13000 13000 13000 13000 13000 13000 13000 13000 13000 13000 13000 13000 13000 13000 13000 13000 13000 13000 13000 13000 13000 13000 13000 13000 13000 13000 13000 13000 13000 13000 13000 13000 13000 13000 13000 13000 13000 13000 13000 13000 13000 13000 13000 13000 13000 13000 13000 13000 13000 13000 13000 13000 13000 13000 13000 13000 13000 13000 13000 13000 13000 13000 13000 13000 13000 13000 13000 13000 13000 13000 13000 13000 13000 13000 13000 13000 13000 13000 13000 13000 13000 13000 13000 13000 13000 13000 13000 13000 13000 13000 13000 13000 13000 13000 13000 13000 13000 13000 13000 13000 13000 13000 13000 13000 13000 13000 13000 13000 13000 13000 13000 13000 13000 13000 13000 13000 13000 13000 13000 13000 13000 13000 13000 13000 13000 13000 13000 13000 13000 13000 13000 13000 13000 13000 13000 13000 13000 13000 13000 13000 13000 13000 13000 13000 13000 13000 13000 13000 13000 13000 13000 13000 13000 13000 13000 13000 13000 13000 13000 13000 13000 13000 13000 13000 13000 13000 13000 13000 13000 13000 13000 13000 13000 13000 13000 13000 13000 13000 13000 13000 13000 13000 13000 13000 13000 13000 13000 13000 13000 13000 13000 13000 13000 13000 13000 13000 13000 13000 13000 13000 13000 13000 13000 13000 13000 13000 13000 13000 13000 13000 13000 13000 13000 13000 13000 13000 13000 13000 13000 13000 13000 13000 13000 13000 13000 13000 13000 13000 13000 13000 13000 13000 13000 13000 13000 13000 13000 13000 13000 13000 13000 13000 13000 13000 13000 13000 13000 13000 13000 13000 13000 13000 13000 13000 13000 13000 13000 13000 13000 13000 13000 13000 13000 13000 13000 13000 13000 13000 13000 13000 13000 13000 13000 13000 13000 13000 13000 13000 13000 13000 13000 13000 13000 13000 13000 13000 13000 13000 13000 13000 13000 13000 13000 13000 13000 13000 13000 13000 13000 13000 13000 13000 13000 13000 13000 13000 13000 13000 13000 13000 13000 13000 13000 13000 13000 13000 13000 13000 13000 13000 13000 13000 13000 13000 13000 13000 13000 13000 13000 13000 13000 0 0 0 0 0 0 0 0 0 0 0 0 0 0 0 0 0 0 0 0 0 0 0 0 0 0 0 0 0 0 0 0 0 0 0 0 0 0 0 0 0 0 0 0 0 0 0 0 0 0 0 0 0 0 0 0 0 0 0 0 0 0 0 0 0 0 0 0 0 0 0 0 0 0 0 0 0 0 0 0 0 0 0 0 0 0 0 0 0 0 0 0 0 0 0 0 0 0 0 0 0 0 0 0 0 0 0 0 0 0 0 0 0 0 0 0 0 0 0 0 0 0 0 0 0 0 0 0 0 0 0 0 0 0 0 0 0 0 0 0 0 0 0 0 0 0 0 0 0 0 0 0 0 0 0 0 0 0 0 0 0 0 0 0 0 0 0 0 0 0 0 0 0 0 0 0 0 0 0 0 0 0 0 0 0 0 0 0 0 0 0 0 0 0 0 0 0 0 0 0 0 0 0 0 0 0 0 0 0 0 0 0 0 0 0 0 0 0 0 0 0 0 0 0 0 0 0 0 0 0 0 0 0 0 0 0 0 0 0 0 0 0 0 0 0 0 0 0 0 0 0 0 0 0 0 0 0 0 0 0 0 0 0 0 0 0 0 0 0 0 0 0 0 0 0 0 0 0 0 0 0 0 0 0 0 0 0 0 0 0 0 0 0 0 0 0 0 0 0 0 0 0 0 0 0 0 0 0 0 0 0 0 0 0 0 0 0 0 0 0 0 0 0 0 0 0 0 0 0 0 0 0 0 0 0 0 0 0 0 0 0 0 0 0 0 0 0 0 0 0 0 0 0 0 0 0 0 0 0 0 0 0 0 0 0 0 0 0 0 0 0 0 0 0 0 0 0 0 0 0 0 0 0 0 0 0 0 0 0 0 0 0 0 0 0 0 0 0 0 0 0 0 0 0 0 0 0 0 0 0 0 0 0 0 0 0 0 0 0 0 0 0 0 0 0 0 0 0 0 0 0 0 0 0 0 0 0 0 0 0 0 0 0 0 0 0 0 0 0 0 0 0 0 0 0 0 0 0 0 0 0 0 0 0 0 0 0 0 0 0 0 0 0 0 0 0 0 0 0 0 0 0 0 0 0 0 0 0 0 0 0 0 0 0 0 0 0 0 0 0 0 0 0 0 0 0 0 0 0 0 0 0 0 0 0 0 0 0 0 0 0 0 0 0 0 0 0 0 0 0 0 0 0 0 0 0 0 0 0 0 0 0 0 0 0 0 0 0 0 0 0 0 0 0 0 0 0 0 0 0 0 0 0 0 0 0 0 0 0 0 0 0 0 0 0 0 0 0 0 0 0 0 0 0 0 0 0 0 0 0 0 0 0 0 0 0 0 0 0 0 0 0 0 0 0 0 0 0 0 0 0 0 0 0 0 0 0 0 0 0 0 0 0 0 0 0 0 0 0 0 0 0 0 0 0 0 0 0 0 0 0 0 0 0 0 0 0 0 0 0 0 0 0 0 0 0 0 0 0 0 0 0 0 0 0 0 0 0 0 0 0 0 0 0 0 0 0 0 0 0 0 0 0 0 0 0 0 0 0 0 0 0 0 0 0 0 0 0 0 0 0 0 0 0 0 0 0 0 0 0 0 0 0 0 0 0 0 0 0 0 0 0 0 0 0 0 0 0 0 0 0 0 0 0 0 0 0 0 0 0 0 0 0 0 0 0 0 0 0 0 0 0 0 0 0 0 0 0 0 0 0 0 0 0 0 0 0 0 0 0 0 0 0 0 0 0 0 0 0 0 0 0 0 0 0 0 0 0 0 0 0 0 0 0 0 0 0 0 0 0 0 0 0 0 0 0 0 0 0 0 0 0 0 0 0 0 0 0 0 0 )
sq2_bias=( 13000 0 21000 14000 15000 0 21000 12000 0 0 0 0 0 0 0 0 0 0 0 0 0 0 0 0 0 0 0 0 0 0 0 0 )
sq2_fb=( 639 9766 8425 4083 8996 11726 1099 4475 8381 9177 10012 6728 10305 2897 3430 3336 0 0 0 0 0 0 0 0 0 0 0 0 0 0 0 0 )
sq2_fb_set=( 639 3424 3433 3434 3448 3425 3539 3544 3541 3616 3521 3639 3624 3651 3888 4124 4484 4599 4652 4658 4739 4668 4676 4587 4920 607 4658 617 4944 4935 5116 625 5051 0 0 0 0 0 0 0 0 9766 9984 9739 9739 9620 9729 9701 9603 9641 9692 9654 9809 9794 9831 9832 9736 9661 9652 9704 9619 9523 9556 9605 9545 9651 9684 9822 9698 9761 9903 9892 9810 9802 0 0 0 0 0 0 0 0 8425 6615 8318 8376 5616 4841 6595 5661 4808 5012 4719 4989 5011 4994 7128 6117 5746 5879 7485 8440 6123 5880 6112 5901 6200 8422 6237 8427 7480 7106 782 8479 6474 0 0 0 0 0 0 0 0 4083 1891 9 9259 7125 43 7216 2240 1084 540 7138 3118 561 4828 759 697 8066 1365 8259 4079 3241 1475 1525 1377 1706 4078 3109 4088 3200 1688 8734 4083 1653 0 0 0 0 0 0 0 0 8996 5056 6872 9145 8 9267 9292 2 201 408 72 242 345 520 574 747 962 1176 1203 1234 1198 1226 1425 1277 1526 9025 1197 9027 6499 9027 6704 9019 6627 0 0 0 0 0 0 0 0 11726 11653 11378 11752 11772 11727 11731 11701 11705 11721 11744 11692 11731 11704 11709 11696 11734 11693 11724 11712 11675 11728 11705 11729 11745 11717 12019 11691 11648 11712 11654 11707 11659 0 0 0 0 0 0 0 0 1099 3915 3958 3979 4084 4169 8652 8613 8893 9030 8813 8970 8869 9024 9218 185 8700 411 558 2437 2427 8868 779 2330 9125 1101 519 1108 716 858 766 1105 852 0 0 0 0 0 0 0 0 4475 2126 7267 7318 7448 7515 743 7555 7690 966 7405 3922 946 8036 1225 8314 4600 1865 1727 1808 8736 6286 1821 6161 6052 4460 3270 4460 3446 1910 1749 4432 3620 0 0 0 0 0 0 0 0 8381 8574 8356 8386 8282 8338 8344 8260 8291 8332 8277 8413 8403 8447 8427 8362 8292 8252 8349 8211 8205 8206 8204 8161 8298 8284 8460 8321 8393 8479 8465 8392 8377 0 0 0 0 0 0 0 0 9177 9374 9126 9183 9059 9109 9155 9038 9035 9124 9047 9225 9212 9248 9227 9145 9083 9023 9118 9008 8980 8990 8977 8948 9086 9085 9277 9105 9150 9279 9248 9188 9167 0 0 0 0 0 0 0 0 10012 10000 10030 10007 10030 10014 10011 10020 10032 9990 10002 9984 10012 9987 9978 9983 10014 10041 9909 9998 10015 10025 10016 10011 10008 10036 9985 9924 10082 10017 10012 10019 10033 0 0 0 0 0 0 0 0 6728 6821 6780 6774 6773 6760 6781 6801 6820 6806 6809 6808 6796 6791 6802 6805 6782 6751 6822 6775 6748 6839 6796 6777 6779 6825 6818 6827 6731 6925 6752 6791 6933 0 0 0 0 0 0 0 0 10305 10298 10292 10286 10268 10259 10282 10280 10299 10295 10301 10300 10316 10303 10298 10289 10267 10287 10282 10306 10316 10313 10304 10308 10301 10293 10268 10290 10323 10301 10359 10274 10253 0 0 0 0 0 0 0 0 2897 2910 2909 2869 2884 2890 2886 2888 2887 2914 2878 2896 2919 2905 2907 2899 2889 2850 2870 2882 2888 2883 2889 2870 2910 2923 2898 2889 2900 2899 2877 2880 2908 0 0 0 0 0 0 0 0 3430 3426 3385 3499 3500 3457 3462 3419 3423 3414 3436 3413 3445 3438 3419 3408 3364 3380 3350 3373 3422 3404 3374 3380 3396 3440 3416 3403 3423 3417 3430 3404 3413 0 0 0 0 0 0 0 0 3336 3348 3301 2888 3397 3226 3189 3060 3184 4028 2654 3129 3092 3348 3151 3236 3137 2856 3720 3323 3228 3316 2944 3317 2801 3692 3176 3188 3411 3388 2406 3040 3687 0 0 0 0 0 0 0 0 0 0 0 0 0 0 0 0 0 0 0 0 0 0 0 0 0 0 0 0 0 0 0 0 0 0 0 0 0 0 0 0 0 0 0 0 0 0 0 0 0 0 0 0 0 0 0 0 0 0 0 0 0 0 0 0 0 0 0 0 0 0 0 0 0 0 0 0 0 0 0 0 0 0 0 0 0 0 0 0 0 0 0 0 0 0 0 0 0 0 0 0 0 0 0 0 0 0 0 0 0 0 0 0 0 0 0 0 0 0 0 0 0 0 0 0 0 0 0 0 0 0 0 0 0 0 0 0 0 0 0 0 0 0 0 0 0 0 0 0 0 0 0 0 0 0 0 0 0 0 0 0 0 0 0 0 0 0 0 0 0 0 0 0 0 0 0 0 0 0 0 0 0 0 0 0 0 0 0 0 0 0 0 0 0 0 0 0 0 0 0 0 0 0 0 0 0 0 0 0 0 0 0 0 0 0 0 0 0 0 0 0 0 0 0 0 0 0 0 0 0 0 0 0 0 0 0 0 0 0 0 0 0 0 0 0 0 0 0 0 0 0 0 0 0 0 0 0 0 0 0 0 0 0 0 0 0 0 0 0 0 0 0 0 0 0 0 0 0 0 0 0 0 0 0 0 0 0 0 0 0 0 0 0 0 0 0 0 0 0 0 0 0 0 0 0 0 0 0 0 0 0 0 0 0 0 0 0 0 0 0 0 0 0 0 0 0 0 0 0 0 0 0 0 0 0 0 0 0 0 0 0 0 0 0 0 0 0 0 0 0 0 0 0 0 0 0 0 0 0 0 0 0 0 0 0 0 0 0 0 0 0 0 0 0 0 0 0 0 0 0 0 0 0 0 0 0 0 0 0 0 0 0 0 0 0 0 0 0 0 0 0 0 0 0 0 0 0 0 0 0 0 0 0 0 0 0 0 0 0 0 0 0 0 0 0 0 0 0 0 0 0 0 0 0 0 0 0 0 0 0 0 0 0 0 0 0 0 0 0 0 0 0 0 0 0 0 0 0 0 0 0 0 0 0 0 0 0 0 0 0 0 0 0 0 0 0 0 0 0 0 0 0 0 0 0 0 0 0 0 0 0 0 0 0 0 0 0 0 0 0 0 0 0 0 0 0 0 0 0 0 0 0 0 0 0 0 0 0 0 0 0 0 0 0 0 0 0 0 0 0 0 0 0 0 0 0 0 0 0 0 0 0 0 0 0 0 0 0 0 0 0 0 0 0 0 0 0 0 0 0 0 0 0 0 0 0 0 0 0 0 0 0 0 0 0 0 0 0 0 0 0 0 0 0 0 0 0 0 0 0 0 0 0 0 0 0 0 0 0 0 0 0 0 0 0 0 0 0 0 0 0 0 0 0 0 0 0 0 0 0 0 0 0 0 0 0 0 0 0 0 0 0 0 0 0 0 0 0 0 0 0 0 0 0 0 0 0 0 0 0 0 0 0 0 0 0 0 0 0 0 0 0 0 0 0 )
sa_bias=( 7760 0 7460 7400 7400 7400 7550 7450 0 0 7150 7100 7100 7150 7250 7150 0 0 0 0 0 0 0 0 0 0 0 0 0 0 0 0 )
sa_fb=( 1460 5859 935 5927 5922 3037 871 5787 10316 10756 3095 3094 3093 3089 3089 3097 0 0 0 0 0 0 0 0 0 0 0 0 0 0 0 0 )
sa_offset=( 5820 0 5595 5550 5550 5550 5662 5587 0 0 5362 5325 5325 5362 5437 5362 0 0 0 0 0 0 0 0 0 0 0 0 0 0 0 0 )
sa_fb_set=( 81 133 154 159 212 229 248 536 356 251 179 138 344 228 188 139 246 330 241 263 174 153 0 0 0 0 0 0 0 0 0 0 0 0 0 0 0 0 0 0 0 313 257 336 351 125 174 366 205 405 107 168 39 122 268 138 7 239 179 317 254 313 227 0 0 0 0 0 0 0 0 0 0 0 0 0 0 0 0 0 0 0 5012 5124 5128 5071 5079 5076 5173 5177 5129 5039 5005 5096 5175 5169 5132 5098 5139 5138 5178 5158 5203 5028 0 0 0 0 0 0 0 0 0 0 0 0 0 0 0 0 0 0 0 5111 5129 5140 5137 5089 5146 5185 5169 5171 5096 5025 5091 5127 5122 5127 5082 5091 5173 5175 5115 5100 5040 0 0 0 0 0 0 0 0 0 0 0 0 0 0 0 0 0 0 0 5038 5135 5165 5135 5109 5085 5139 5247 5123 5124 5066 5155 5206 5207 5165 5151 5152 5201 5235 5177 5116 5064 0 0 0 0 0 0 0 0 0 0 0 0 0 0 0 0 0 0 0 5124 5201 5214 5124 5133 5187 5169 5261 5146 5147 5054 5156 5223 5230 5141 5154 5193 5223 5226 5224 5132 5109 0 0 0 0 0 0 0 0 0 0 0 0 0 0 0 0 0 0 0 5033 5139 5120 5088 5071 5081 5144 5129 5100 5112 4986 5133 5191 5182 5125 5117 5133 5164 5174 5159 5079 5040 0 0 0 0 0 0 0 0 0 0 0 0 0 0 0 0 0 0 0 5109 5189 5181 5164 5125 5155 5181 5185 5161 5103 5029 5155 5205 5181 5153 5136 5178 5181 5192 5177 5076 5091 0 0 0 0 0 0 0 0 0 0 0 0 0 0 0 0 0 0 0 5175 5269 5267 5257 5224 5229 5278 5288 5221 5174 5135 5189 5278 5264 5191 5185 5165 5240 5278 5212 5164 5126 0 0 0 0 0 0 0 0 0 0 0 0 0 0 0 0 0 0 0 5086 5133 5163 5159 5081 5105 5175 5227 5132 5079 5028 5034 5143 5144 5111 5074 5099 5149 5161 5147 5087 5009 0 0 0 0 0 0 0 0 0 0 0 0 0 0 0 0 0 0 0 5129 5238 5232 5162 5211 5174 5236 5213 5186 5132 5044 5088 5210 5165 5088 5100 5123 5134 5198 5107 5047 5016 0 0 0 0 0 0 0 0 0 0 0 0 0 0 0 0 0 0 0 3013 3012 3011 3012 3013 3011 3012 3012 3012 3013 3011 3011 3011 3012 3011 3012 3012 3012 3013 3012 3011 3012 0 0 0 0 0 0 0 0 0 0 0 0 0 0 0 0 0 0 0 1 1 1 0 1 2 1 0 0 0 2 0 1 1 1 0 0 0 0 2 1 0 0 0 0 0 0 0 0 0 0 0 0 0 0 0 0 0 0 0 0 2 1 1 1 1 2 2 0 1 1 1 0 0 2 0 1 1 1 2 2 0 1 0 0 0 0 0 0 0 0 0 0 0 0 0 0 0 0 0 0 0 0 0 1 2 0 0 0 0 0 0 0 2 2 0 0 1 0 2 0 2 0 0 0 0 0 0 0 0 0 0 0 0 0 0 0 0 0 0 0 0 0 1 0 2 1 1 0 1 0 2 0 1 1 2 1 1 1 1 0 1 0 0 1 0 0 0 0 0 0 0 0 0 0 0 0 0 0 0 0 0 0 0 0 0 0 0 0 0 0 0 0 0 0 0 0 0 0 0 0 0 0 0 0 0 0 0 0 0 0 0 0 0 0 0 0 0 0 0 0 0 0 0 0 0 0 0 0 0 0 0 0 0 0 0 0 0 0 0 0 0 0 0 0 0 0 0 0 0 0 0 0 0 0 0 0 0 0 0 0 0 0 0 0 0 0 0 0 0 0 0 0 0 0 0 0 0 0 0 0 0 0 0 0 0 0 0 0 0 0 0 0 0 0 0 0 0 0 0 0 0 0 0 0 0 0 0 0 0 0 0 0 0 0 0 0 0 0 0 0 0 0 0 0 0 0 0 0 0 0 0 0 0 0 0 0 0 0 0 0 0 0 0 0 0 0 0 0 0 0 0 0 0 0 0 0 0 0 0 0 0 0 0 0 0 0 0 0 0 0 0 0 0 0 0 0 0 0 0 0 0 0 0 0 0 0 0 0 0 0 0 0 0 0 0 0 0 0 0 0 0 0 0 0 0 0 0 0 0 0 0 0 0 0 0 0 0 0 0 0 0 0 0 0 0 0 0 0 0 0 0 0 0 0 0 0 0 0 0 0 0 0 0 0 0 0 0 0 0 0 0 0 0 0 0 0 0 0 0 0 0 0 0 0 0 0 0 0 0 0 0 0 0 0 0 0 0 0 0 0 0 0 0 0 0 0 0 0 0 0 0 0 0 0 0 0 0 0 0 0 0 0 0 0 0 0 0 0 0 0 0 0 0 0 0 0 0 0 0 0 0 0 0 0 0 0 0 0 0 0 0 0 0 0 0 0 0 0 0 0 0 0 0 0 0 0 0 0 0 0 0 0 0 0 0 0 0 0 0 0 0 0 0 0 0 0 0 0 0 0 0 0 0 0 0 0 0 0 0 0 0 0 0 0 0 0 0 0 0 0 0 0 0 0 0 0 0 0 0 0 0 0 0 0 0 0 0 0 0 0 0 0 0 0 0 0 0 0 0 0 0 0 0 0 0 0 0 0 0 0 0 0 0 0 0 0 0 0 0 0 0 0 0 0 0 0 0 0 0 0 0 0 0 0 0 0 0 0 0 0 0 0 0 0 0 0 0 0 0 0 0 0 0 0 0 0 0 0 0 0 0 0 0 0 0 0 0 0 0 0 0 0 0 0 0 0 0 0 0 0 0 0 0 0 0 0 0 0 0 0 0 0 0 0 0 0 0 0 0 0 0 0 0 0 0 0 0 0 0 0 0 0 0 0 0 0 0 0 0 0 0 0 0 0 0 0 0 0 0 0 0 0 0 0 0 0 0 0 0 0 0 0 0 0 0 0 0 0 0 0 0 0 0 0 0 0 0 0 0 0 0 0 0 0 0 0 0 0 0 0 0 0 0 0 0 0 0 0 0 0 0 0 0 0 0 0 0 0 0 0 0 0 0 0 0 0 0 0 0 0 0 0 0 0 0 0 0 0 0 0 0 0 0 0 0 0 0 0 0 )
config_adc_offset_all=1
adc_offset_c=( 4550 -8947 4702 5355 5841 1600 824 10477 -6753 -7177 -14729 -13810 -13918 -14137 -15728 -14407 0 0 0 0 0 0 0 0 0 0 0 0 0 0 0 0 )
adc_offset_cr=( 454 87 2223 -149 -86 2233 314 82 2352 116 -66 53 2345 2298 2340 2310 -143 413 2192 235 -217 666 -98 -77 127 281 15 578 710 187 1212 475 -14 0 0 0 0 0 0 0 0 -868 -870 -862 -915 -934 -859 -861 -864 -870 -865 -864 -853 -876 -863 -857 -932 -928 -922 -927 -910 -874 -921 -865 -870 -870 -926 -854 -856 -864 -863 -848 -855 -870 0 0 0 0 0 0 0 0 531 1747 -273 -628 -379 -1356 -1501 -1214 -89 -1600 -1126 -308 -605 -259 -755 -1575 -486 702 1369 416 1334 855 -2096 1044 -995 480 1156 537 -1035 -1650 -829 58 -1051 0 0 0 0 0 0 0 0 507 509 -471 49 -150 1 761 -531 -21 -159 -1939 -237 12 1686 588 -241 -1751 1104 -1474 563 187 498 418 -1269 75 555 424 512 516 -58 -1211 659 358 0 0 0 0 0 0 0 0 854 -2005 158 1006 -1418 -153 -114 -96 -753 -254 862 -939 -317 -108 -232 -362 -205 -137 -145 -190 201 -192 -213 -307 121 569 -696 647 301 652 -24 709 -42 0 0 0 0 0 0 0 0 155 172 145 155 156 155 156 160 154 156 167 167 169 156 170 158 169 157 166 157 156 168 156 157 169 167 166 154 166 156 153 171 153 0 0 0 0 0 0 0 0 149 -1313 701 611 590 747 -1337 618 241 427 -1649 307 85 480 316 576 -1552 722 -1740 -1179 -1492 -1513 333 -1763 -1257 20 -1398 -1 -1564 -699 226 116 -1871 0 0 0 0 0 0 0 0 906 -1370 597 388 496 484 -1308 494 919 1064 1849 231 112 1136 167 -789 1054 989 1202 1045 -509 1368 1072 -29 257 1133 870 912 1098 852 -697 1179 648 0 0 0 0 0 0 0 0 -655 -654 -651 -718 -714 -642 -652 -654 -652 -665 -653 -709 -659 -657 -649 -657 -657 -698 -707 -704 -650 -658 -647 -658 -654 -655 -645 -711 -648 -658 -643 -644 -663 0 0 0 0 0 0 0 0 -697 -754 -722 -745 -758 -684 -742 -692 -693 -708 -693 -679 -696 -698 -689 -746 -747 -750 -693 -700 -691 -694 -687 -698 -693 -751 -689 -754 -688 -689 -689 -685 -706 0 0 0 0 0 0 0 0 -1475 -1461 -1461 -1460 -1480 -1479 -1464 -1460 -1466 -1479 -1479 -1482 -1462 -1485 -1460 -1453 -1461 -1482 -1477 -1458 -1481 -1483 -1458 -1458 -1478 -1482 -1461 -1486 -1461 -1478 -1479 -1457 -1459 0 0 0 0 0 0 0 0 -1389 -1390 -1392 -1393 -1375 -1371 -1394 -1391 -1391 -1368 -1371 -1390 -1391 -1392 -1373 -1388 -1373 -1375 -1385 -1371 -1393 -1369 -1391 -1370 -1388 -1391 -1389 -1368 -1389 -1367 -1366 -1371 -1365 0 0 0 0 0 0 0 0 -1407 -1386 -1403 -1384 -1375 -1406 -1383 -1380 -1382 -1380 -1383 -1406 -1387 -1381 -1383 -1382 -1385 -1382 -1405 -1402 -1380 -1374 -1388 -1385 -1401 -1406 -1384 -1386 -1384 -1380 -1386 -1406 -1385 0 0 0 0 0 0 0 0 -1421 -1420 -1400 -1398 -1404 -1425 -1419 -1423 -1422 -1400 -1422 -1423 -1425 -1403 -1421 -1419 -1409 -1422 -1401 -1400 -1429 -1427 -1400 -1401 -1425 -1417 -1423 -1425 -1421 -1412 -1422 -1418 -1400 0 0 0 0 0 0 0 0 -1580 -1581 -1560 -1583 -1582 -1579 -1560 -1575 -1582 -1561 -1579 -1560 -1562 -1562 -1560 -1560 -1558 -1559 -1564 -1583 -1587 -1584 -1560 -1580 -1566 -1583 -1560 -1561 -1582 -1580 -1579 -1580 -1583 0 0 0 0 0 0 0 0 -1429 -1448 -1428 -1446 -1433 -1431 -1452 -1438 -1452 -1411 -1491 -1442 -1452 -1418 -1450 -1447 -1449 -1444 -1400 -1451 -1453 -1449 -1468 -1438 -1470 -1395 -1456 -1433 -1420 -1431 -1464 -1423 -1422 0 0 0 0 0 0 0 0 0 0 0 0 0 0 0 0 0 0 0 0 0 0 0 0 0 0 0 0 0 0 0 0 0 0 0 0 0 0 0 0 0 0 0 0 0 0 0 0 0 0 0 0 0 0 0 0 0 0 0 0 0 0 0 0 0 0 0 0 0 0 0 0 0 0 0 0 0 0 0 0 0 0 0 0 0 0 0 0 0 0 0 0 0 0 0 0 0 0 0 0 0 0 0 0 0 0 0 0 0 0 0 0 0 0 0 0 0 0 0 0 0 0 0 0 0 0 0 0 0 0 0 0 0 0 0 0 0 0 0 0 0 0 0 0 0 0 0 0 0 0 0 0 0 0 0 0 0 0 0 0 0 0 0 0 0 0 0 0 0 0 0 0 0 0 0 0 0 0 0 0 0 0 0 0 0 0 0 0 0 0 0 0 0 0 0 0 0 0 0 0 0 0 0 0 0 0 0 0 0 0 0 0 0 0 0 0 0 0 0 0 0 0 0 0 0 0 0 0 0 0 0 0 0 0 0 0 0 0 0 0 0 0 0 0 0 0 0 0 0 0 0 0 0 0 0 0 0 0 0 0 0 0 0 0 0 0 0 0 0 0 0 0 0 0 0 0 0 0 0 0 0 0 0 0 0 0 0 0 0 0 0 0 0 0 0 0 0 0 0 0 0 0 0 0 0 0 0 0 0 0 0 0 0 0 0 0 0 0 0 0 0 0 0 0 0 0 0 0 0 0 0 0 0 0 0 0 0 0 0 0 0 0 0 0 0 0 0 0 0 0 0 0 0 0 0 0 0 0 0 0 0 0 0 0 0 0 0 0 0 0 0 0 0 0 0 0 0 0 0 0 0 0 0 0 0 0 0 0 0 0 0 0 0 0 0 0 0 0 0 0 0 0 0 0 0 0 0 0 0 0 0 0 0 0 0 0 0 0 0 0 0 0 0 0 0 0 0 0 0 0 0 0 0 0 0 0 0 0 0 0 0 0 0 0 0 0 0 0 0 0 0 0 0 0 0 0 0 0 0 0 0 0 0 0 0 0 0 0 0 0 0 0 0 0 0 0 0 0 0 0 0 0 0 0 0 0 0 0 0 0 0 0 0 0 0 0 0 0 0 0 0 0 0 0 0 0 0 0 0 0 0 0 0 0 0 0 0 0 0 0 0 0 0 0 0 0 0 0 0 0 0 0 0 0 0 0 0 0 0 0 0 0 0 0 0 0 0 0 0 0 0 0 0 0 0 0 0 0 0 0 0 0 0 0 0 0 0 0 0 0 0 0 0 0 0 0 0 0 0 0 0 0 0 0 0 0 0 0 0 0 0 0 0 0 0 0 0 0 0 0 0 0 0 0 0 0 0 0 0 0 0 0 0 0 0 0 0 0 0 0 0 0 0 0 0 0 0 0 0 0 0 0 0 0 0 0 0 0 0 0 0 0 0 0 0 0 0 0 0 0 0 0 0 0 0 0 0 0 0 0 0 0 0 0 )
# END mas_param output
#START config_create.bash

#initialise environment
if [ ! -x ${MAS_VAR:=/usr/mce/bin/mas_var} ]; then
  echo "Cannot find mas_var.  Set MAS_VAR to the full path to the mas_var binary."
  exit 1
else
  eval $(${MAS_VAR} -s)
fi

create_start=`print_ctime`

mce_script=${MAS_TEMP}/`whoami`_config_mce${MAS_MCE_DEV}.scr

# Remove existing script
[ -e "$mce_script" ] && rm -f "$mce_script"

# New file, group rw
umask 002
touch "$mce_script"

# For raveled 2d arrays
AROWS=${array_width}

# Choose sync box parameters:
if [ "$config_sync" != "0" ]; then
    select_clk=$sb1_select_clk
    use_sync=$sb1_use_sync
    use_dv=$sb1_use_dv
else
    select_clk=$sb0_select_clk
    use_sync=$sb0_use_sync
    use_dv=$sb0_use_dv
fi

# Calculate the corrected adc offset.
adc_offset_divided=( adc_offset_c )
for i in `seq 0 $(( ${#adc_offset_c[@]} - 1))` ; do
    adc_offset_divided[$i]=$(( ${adc_offset_c[$i]} / $sample_num ))
done

# Perhaps you don't know about mux11d -- default to off
hardware_mux11d=${hardware_mux11d:-0}

# Allow some flexibility in hardware_fast_sq2 vs. hardware_bac
if [ "$hardware_fast_sq2" == "" ]; then
    hardware_fast_sq2=${hardware_bac}
fi

#----------------------------------------------
# sys commands
#----------------------------------------------
echo "wb sys row_len $row_len" >> $mce_script
echo "wb sys num_rows $num_rows" >> $mce_script

if [ "$hardware_rect" == "0" ]; then
    # Pre-v5 firmware
    echo "wb cc num_rows_reported $num_rows_reported" >> $mce_script
else
    # v5 and later (rectangle mode)
    echo "wb cc num_rows_reported $num_rows_reported" >> $mce_script
    echo "wb cc num_cols_reported 8" >> $mce_script
    echo "wb rca num_rows_reported $num_rows_reported" >> $mce_script
    echo "wb rca num_cols_reported 8" >> $mce_script
    echo "wb rca readout_row_index 0" >> $mce_script
    echo "wb rca readout_col_index 0" >> $mce_script
fi

#----------------------------------------------
# Clock Card
#----------------------------------------------
echo "wb cc data_rate $data_rate" >> $mce_script
echo "wb cc select_clk $select_clk" >> $mce_script
echo "wb cc use_dv $use_dv" >> $mce_script
echo "wb cc use_sync $use_sync" >> $mce_script
echo "wb cc ret_dat_s 1 1" >> $mce_script

if [ "$hardware_rect" != "0" ]; then
    # Assemble bits for choosing readout cards to report data
    bit=0x20  # RC1
    rc_bits=0
    for i in `seq 0 3`; do
        if [ "${hardware_rc_data[$i]}" != "0" ]; then
            rc_bits=$(( $rc_bits + $bit ))
        fi
        bit=$(( $bit / 2 ))
    done
    echo "wb cc rcs_to_report_data $rc_bits" >> $mce_script
fi

# Write cc user_word based on array_id - this shows up in frame data
user_word=0
if [ -e "${MAS_DATA_ROOT}/array_id" ]; then
    array_id=`cat ${MAS_DATA_ROOT}/array_id`
    user_word=`awk "($$1 == \"$array_id\") {print $$2}" $MAS_CONFIG/array_list`
    [ "$user_word" == "" ] && user_word=0
fi
echo "wb cc user_word $user_word" >> $mce_script


#----------------------------------------------
# Readout Cards
#----------------------------------------------
## Mask out SA and SQ2 bias for bad columns.
vals=${sa_bias[@]}
mask=${columns_off[@]}
sa_bias=( `mask_values "$vals" "$mask" 1 0` )

vals=${sq2_bias[@]}
mask=${columns_off[@]}
sq2_bias=( `mask_values "$vals" "$mask" 1 0` )

for rc in 1 2 3 4; do
    min_flux_quantum=999999
    max_gaini=0
    [ "${config_rc[$(( $rc - 1 ))]}" == "0" ] && continue
    [ "${hardware_rc[$(( $rc - 1 ))]}" == "0" ] && continue

    ch_ofs=$(( ($rc-1)*8 ))
#    echo "Readout card $rc: time=" `print_elapsed $create_start` >&2

    echo "wb rc$rc readout_row_index $readout_row_index" >> $mce_script
    echo "wb rc$rc readout_col_index 0" >> $mce_script
    echo "wb rc$rc sample_dly   $sample_dly" >> $mce_script
    echo "wb rc$rc sample_num   $sample_num" >> $mce_script
    echo "wb rc$rc fb_dly       $fb_dly" >> $mce_script
    echo "wb rc$rc fb_const    " `repeat_string $fb_const 8` >> $mce_script
    echo "wb rc$rc data_mode    $data_mode" >> $mce_script
    echo "wb rc$rc sa_bias      ${sa_bias[@]:$ch_ofs:8}" >> $mce_script
    echo "wb rc$rc offset       ${sa_offset[@]:$ch_ofs:8}" >> $mce_script

    # Don't auto-servo columns flagged in "columns_off"
    if [ "$servo_mode" == "3" ]; then
        echo -n "wb rc$rc servo_mode  "
        for c in `seq 0 7`; do
            chan=$(( $c + $ch_ofs ))
            if [ "${columns_off[$chan]}" == "1" ]; then
                echo -n " 1"
            else
                echo -n " 3"
            fi
        done
        echo
    else
        # Servo modes other than 3 are not affected by columns_off
        echo "wb rc$rc servo_mode   " `repeat_string $servo_mode 8`
    fi >> $mce_script

    # Servo parameters, including dead and frail detector turn-offs
    for c in `seq 0 7`; do
        chan=$(( $c + $ch_ofs ))
        dead_ofs=$(( ($c + $ch_ofs)*$array_width ))

        if [ "${columns_off[$chan]}" != "1" -a $chan -lt $num_rows ]; then
            if [ ${servo_i[$chan]} -gt $max_gaini ]; then
                max_gaini=${servo_i[$chan]}
            fi
            if [ $((-1 * ${servo_i[$chan]})) -gt $max_gaini ]; then
                max_gaini=$((-1 * ${servo_i[$chan]}))
            fi
        fi

        p_terms=( `repeat_string ${servo_p[$chan]} $array_width` )
        i_terms=( `repeat_string ${servo_i[$chan]} $array_width` )
        d_terms=( `repeat_string ${servo_d[$chan]} $array_width` )

        if [ "$config_frail_tes" == "0" ]; then
            for r in `seq 0 $(( $array_width - 1 ))`; do
                if [ "${frail_detectors[$(( $dead_ofs + $r ))]}" != "0" ]; then
                    p_terms[$r]=$frail_servo_p
                    i_terms[$r]=$frail_servo_i
                    d_terms[$r]=$frail_servo_d
                fi
            done
        fi

        if [ "$config_dead_tes" == "0" ]; then
            for r in `seq 0 $(( $array_width - 1 ))`; do
                if [ "${dead_detectors[$(( $dead_ofs + $r ))]}" != "0" ]; then
                    p_terms[$r]=0
                    i_terms[$r]=0
                    d_terms[$r]=0
                fi
            done
        fi

        echo "wb rc$rc gainp$c ${p_terms[@]}" >> $mce_script
        echo "wb rc$rc gaini$c ${i_terms[@]}" >> $mce_script
        echo "wb rc$rc gaind$c ${d_terms[@]}" >> $mce_script
    done

    # Flux jump quanta, and enable/disable
    for c in `seq 0 7`; do
        chan=$(( $c +  $ch_ofs ))
        r_off=$(( $array_width * $chan ))

        if [ "${config_flux_quanta_all}" != "0" ]; then
	    if [ "$config_dead_tes" == "0" ]; then
		for r in `seq 0 $(( $num_rows - 1 ))`; do
		    if [ "${dead_detectors[$(( $r_off + $r ))]}" == "0" \
			-a ${flux_quanta_all[$(( $r_off + $r ))]} -lt $min_flux_quantum \
			-a ${flux_quanta_all[$(( $r_off + $r ))]} -gt 0 ]; then
			min_flux_quantum=${flux_quanta_all[$(( $r_off + $r ))]}
		    fi
		done
	    else
		min_flux_quantum=`find_min_positive ${min_flux_quantum} ${flux_quanta_all[@]:$r_off:$num_rows}`
	    fi
            echo "wb rc$rc flx_quanta$c ${flux_quanta_all[@]:$r_off:$num_rows}" >> $mce_script
        else
            if [ ${flux_quanta[$chan]} -lt ${min_flux_quantum} \
              -a ${flux_quanta[$chan]} -gt 0 ]; then
                min_flux_quantum=${flux_quanta[$chan]}
            fi
            repeat_string "${flux_quanta[$chan]}" $AROWS "wb rc$rc flx_quanta$c" >> $mce_script
        fi

        if [ "${config_adc_offset_all}" != "0" ]; then
            echo "wb rc$rc adc_offset$c ${adc_offset_cr[@]:$r_off:$array_width}" >> $mce_script
        else
            repeat_string "${adc_offset_divided[$chan]}" $AROWS "wb rc$rc adc_offset$c" >> $mce_script
        fi
    done

    # Readout filter
    if [ "$config_filter" == "1" ]; then
        echo "wb rca fltr_coeff ${filter_params[@]}" >> $mce_script
    fi

    echo "wb rc$rc en_fb_jump $flux_jumping" >> $mce_script

    # integral clamp

    if [ "$config_integral_clamp" == "1" ]; then
        # don't divide by zero
        if [ $max_gaini == "0" ]; then
            integral_clamp=0
        elif [ $flux_jumping == "1" ]; then
            integral_clamp=$(printf %i $(echo "$integral_clamp_factor * 127 * 4096 * $min_flux_quantum / $max_gaini" | bc))
        else
            integral_clamp=$(printf %i $(echo "$integral_clamp_factor * 8192 * 4096 / $max_gaini" | bc))
        fi
        # don't overflow
        if [ $integral_clamp -gt 2147483647 ]; then
          integral_clamp=2147483647
        fi
        echo "wb rc$rc integral_clamp $integral_clamp" >> $mce_script
    fi
done

# echo "Other cards: time=" `print_elapsed $create_start` >&2

#----------------------------------------------
# Address Card
#----------------------------------------------

# I wanted to put this below next to ac enbl_mux, but a cryptic
# comment in the bc section of this script makes it sound like enbl
# needs to be sent to the bc before sending the values for the DACs.
# So putting it here, in advance.
if [ "$mux11d_hybrid_row_select" == "1" ]; then
    for i in `seq 0 $((${#mux11d_row_select_cards[@]}-1))`; do
	card=${mux11d_row_select_cards[$i]}
	r0=${mux11d_row_select_cards_row0[$i]}
	for j in `seq 3`; do
	    if [ "$card" == "bc$j" ]; then
		for k in `seq 0 $((${#mux11d_mux_order[@]}-1))`; do
		    rsmr0=$((${mux11d_mux_order[k]}-$r0))
		    if [ \( "${rsmr0}" -ge "0" \) -a \( "${rsmr0}" -lt "32" \) ]; then
			echo "wra ${card} enbl_mux ${rsmr0} 1" >> $mce_script
		    fi
		done
	    fi
	done
    done
fi


if [ "$hardware_mux11d" == "0" ]; then
    echo "wb ac on_bias   ${sq1_bias[@]}" >> $mce_script
    echo "wb ac off_bias  ${sq1_bias_off[@]}" >> $mce_script
else
    if [ "$mux11d_hybrid_row_select" == "1" ]; then
	## Hybridized muxing - prep ac on_bias/off_bias lines
	if [ ${#mux11d_row_select_cards[@]} != ${#mux11d_row_select_cards_row0[@]} ]; then
	    # Nonsensical configuration.  Give up...
	    echo "Length of mux11d_row_select_cards=(${mux11d_row_select_cards[@]}) and mux11d_row_select_cards_row0=(${#mux11d_row_select_cards_row0[@]}) arrays not equal.  Abort!"
	    exit 1
	else 
	    # Loop through the MCE Cards we're hybridizing the row
	    # selects over and deal with them one at a time.  Really
	    # only two cases; AC or BC.
            for i in `seq 0 $((${#mux11d_row_select_cards[@]}-1))`; do
		card=${mux11d_row_select_cards[$i]}
		r0=${mux11d_row_select_cards_row0[$i]}

		## For now, will assume user has correctly spaced r0
		## for the cards; ie, AC has 41 or more indices
		## between it and the r0 for the next card, and BCs
		## have 32 or more indicies between them and the r0
		## for the next card.
		
		#
		# Configure AC-driven row selects
		if [ "$card" == "ac" ]; then
		    # These will be written to ac on_bias and ac
		    # off_bias
		    hybrid_ac_on_bias=(`repeat_string 0 41`)
		    hybrid_ac_off_bias=(`repeat_string 0 41`)
		    for k in `seq 0 $((${#mux11d_mux_order[@]}-1))`; do

			# don't go higher than # of rows
                        if [ $k -gt $(( $num_rows - 1 )) ]; then
                            continue
                        fi

			rsmr0=$((${mux11d_mux_order[k]}-$r0))
			if [ \( "${rsmr0}" -ge "0" \) -a \( "${rsmr0}" -lt "41" \) ]; then
			    # If there is no row select for this
			    # entry, throw an exception, unless it's
			    # the AC idle row
			    if [ ! "$k" -lt "${#row_select[@]}" ]; then
				if [ "${mux11d_mux_order[k]}" -eq "${mux11d_ac_idle_row}" ]; then
				    continue
				fi
				# Not the AC idle row.  Exception!
				echo "The row_select (size=${#row_select[@]}) and row_deselect (size=${#row_deselect[@]})"
				echo "lists are shorter than the mux11d_mux_order (size=${#mux11d_mux_order[@]}) list in"
				echo "experiment.cfg, and the row with no corresponding select/deselect is *not* the AC"
				echo "idle row.  (k=${k} r0=${r0} rsmr0=${rsmr0} row_select[$k]=${row_select[$k]}"
				echo "row_deselect[$k]=${row_deselect[$k]}).  Abort!"
				exit 1
			    else
				hybrid_ac_on_bias[${rsmr0}]=${row_select[$k]}
				hybrid_ac_off_bias[${rsmr0}]=${row_deselect[$k]}
			    fi
			fi
		    done

		    echo "wb ac on_bias   ${hybrid_ac_on_bias[@]}" >> $mce_script
		    echo "wb ac off_bias  ${hybrid_ac_off_bias[@]}" >> $mce_script
		fi
		# Done configuring AC-driven row selects

		#
		# Configure BC-driven row selects
		for j in `seq 3`; do
		    if [ "$card" == "bc$j" ]; then
			for k in `seq 0 $((${#mux11d_mux_order[@]}-1))`; do
			    rsmr0=$((${mux11d_mux_order[k]}-$r0))
			    if [ \( "${rsmr0}" -ge "0" \) -a \( "${rsmr0}" -lt "32" \) ]; then
				hybrid_bc_fb_col=(`repeat_string ${row_deselect[$k]} $AROWS`)
				hybrid_bc_fb_col[$k]=${row_select[$k]}
				echo "wb bc$j fb_col${rsmr0}   ${hybrid_bc_fb_col[@]}" >> $mce_script
			    fi
			done
		    fi
		done
		# Done configuring BC-driven row selects
		#

	    done
	fi
    else # Just using ac on_bias/off_bias to switch mux11d rows
	# Must take ac row order into account ... row select/deselect
	# are really just synonyms for ac on_bias/off_bias
	for rs in `seq 0 $((${#row_order[@]}-1))`; do
	    echo "wra ac on_bias ${row_order[${rs}]} ${row_select[${rs}]}" >> $mce_script
	    echo "wra ac off_bias ${row_order[${rs}]} ${row_deselect[${rs}]}" >> $mce_script
	done
    fi
fi

echo "wb ac row_dly   $row_dly" >> $mce_script
echo "wb ac row_order ${row_order[@]}" >> $mce_script
echo "wb ac enbl_mux  1" >> $mce_script

# Set the TES biases via the "tes bias" virtual address
if [ "$tes_bias_do_reconfig" != "0" ]; then
    echo "wb tes bias ${tes_bias[@]}" >> $mce_script
fi

#----------------------------------------------
# Bias Cards - use functional mappings!
#----------------------------------------------

# Set enbl_mux before writing per-column values, since DACs need to be
# kicked once after enbl_mux is turned off.

# For biasing address card, set the correct mux_mode and row_order
# But only if we're not mux11d.
if [ "$hardware_mux11d" == "0" ]; then

    if [ "$hardware_fast_sq2" == "1" ]; then
        echo "wb bac row_order ${row_order[@]}" >> $mce_script
        echo "wb bac enbl_mux 2" >> $mce_script
    fi

    # For new bias card in fast_sq2 mode, set enbl_mux for all columns
    if [ "$hardware_fast_sq2" == "2" ]; then
        for rc in 1 2 3 4; do
            [ "${config_rc[$(( $rc - 1 ))]}" == "0" ] && continue
            ch_ofs=$(( ($rc-1)*8 ))
            echo "wra sq2 enbl_mux $ch_ofs `repeat_string $config_fast_sq2 8`" >> $mce_script
        done
    fi
fi

#Still only write the relevant columns depending on readout card configuration
for rc in 1 2 3 4; do
    [ "${config_rc[$(( $rc - 1 ))]}" == "0" ] && continue

    ch_ofs=$(( ($rc-1)*8 ))

    if [ "$hardware_mux11d" == "0" ]; then

        echo "wra sa  fb    $ch_ofs  ${sa_fb[@]:$ch_ofs:8}"
        echo "wra sq2 bias  $ch_ofs  ${sq2_bias[@]:$ch_ofs:8}"

        # SQ2 feedback
        if [ "$config_fast_sq2" == "0" ]; then
            if [ "$hardware_fast_sq2" == "1" ]; then
                # Emulate bias card with a BAC
                for a in `seq 0 7`; do
                    c=$(( $ch_ofs + $a ))
                    repeat_string "${sq2_fb[$c]}" $AROWS "wb bac fb_col$c"
                done
            else
                # People still use bias cards?
                echo "wra sq2 fb    $ch_ofs  ${sq2_fb[@]:$ch_ofs:8}"
            fi
        else
            # BAC and new bias card firmware support sq2 fb_col%
            for a in `seq 0 7`; do
                row_ofs=$(( ($ch_ofs+$a) * $AROWS ))
                echo "wb sq2 fb_col$(( $a + $ch_ofs )) ${sq2_fb_set[@]:$row_ofs:$AROWS}"
            done
        fi
    else
        # SA FB, possibly fast-switching
        echo "wra sa enbl_mux $ch_ofs `repeat_string $config_fast_sa_fb 8`"
        if [ "$config_fast_sa_fb" == "1" ]; then
            for a in `seq 0 7`; do
                row_ofs=$(( ($ch_ofs+$a) * $AROWS ))
                echo "wb sa fb_col$(( $a + $ch_ofs )) ${sa_fb_set[@]:$row_ofs:$AROWS}"
            done
        else
            echo "wra sa fb $ch_ofs  ${sa_fb[@]:$ch_ofs:8}"
        fi
        # SQ1 bias, possibly fast-switching
        echo "wra sq1 enbl_mux $ch_ofs `repeat_string $config_fast_sq1_bias 8`"
        if [ "$config_fast_sq1_bias" == "1" ]; then
            for a in `seq 0 7`; do
                row_ofs=$(( ($ch_ofs+$a) * $AROWS ))
                echo "wb sq1 bias_col$(( $a + $ch_ofs )) ${sq1_bias_set[@]:$row_ofs:$AROWS}"
            done
        else
            echo "wra sq1 bias $ch_ofs  ${sq1_bias[@]:$ch_ofs:8}"
        fi
    fi >> $mce_script
done

# Servo loop re-init

for rc in 1 2 3 4; do
    [ "${config_rc[$(( $rc - 1 ))]}" == "0" ] && continue
    echo "wb rc$rc flx_lp_init 1" >> $mce_script
done

#END config_create.bash
#START config_run.bash

# The variable mce_script is the output location
if [ "$mce_script" == "" ]; then
    echo "$0 expects \$mce_script to be defined."
    exit 1
fi

# Hopefully that script exists...

if ! [ -e "$mce_script" ]; then
    echo "Script '$mce_script' does not exist!" >& 2
    exit 1
fi

err_line=( `mce_cmd -qf $mce_script` )
if [ "$?" != "0" ]; then 
    line_no=${err_line[1]}
    echo -e -n "Error on line $line_no of $mce_script:\n    "
    sed ${line_no}'q;d' $mce_script
    exit 1
fi

#END config_run.bash
